0     0
0.005     0.00354925
0.01     0.00552938
0.015     -0.00963251
0.02     -0.0126576
0.025     -0.00590892
0.03     -0.00491065
0.035     0.00250896
0.04     -0.000984608
0.045     -0.000544241
0.05     0.00246417
0.055     -0.00261345
0.06     0.00132027
0.065     0.00826748
0.07     0.0166644
0.075     0.0185351
0.08     0.0190862
0.085     0.0203279
0.09     0.021776
0.095     0.020948
0.1     0.0198626
0.105     0.0221495
0.11     0.0246549
0.115     0.0260479
0.12     0.0312637
0.125     0.0357528
0.13     0.0395011
0.135     0.0433199
0.14     0.047509
0.145     0.0502388
0.15     0.049516
0.155     0.0503562
0.16     0.0547766
0.165     0.0619249
0.17     0.0670088
0.175     0.0720422
0.18     0.077732
0.185     0.0823004
0.19     0.0863156
0.195     0.0894094
0.2     0.0940255
0.205     0.0989515
0.21     0.104119
0.215     0.109285
0.22     0.11445
0.225     0.119854
0.23     0.126102
0.235     0.133099
0.24     0.139821
0.245     0.145571
0.25     0.150845
0.255     0.15628
0.26     0.161938
0.265     0.167891
0.27     0.174476
0.275     0.181763
0.28     0.189299
0.285     0.196623
0.29     0.203679
0.295     0.210634
0.3     0.217614
0.305     0.224675
0.31     0.231856
0.315     0.239197
0.32     0.246742
0.325     0.254524
0.33     0.262522
0.335     0.270656
0.34     0.278846
0.345     0.287045
0.35     0.295237
0.355     0.303438
0.36     0.311695
0.365     0.320067
0.37     0.328589
0.375     0.337262
0.38     0.346061
0.385     0.354956
0.39     0.36392
0.395     0.372939
0.4     0.38201
0.405     0.391137
0.41     0.400329
0.415     0.409595
0.42     0.418939
0.425     0.428361
0.43     0.437858
0.435     0.447424
0.44     0.457054
0.445     0.466743
0.45     0.476487
0.455     0.486285
0.46     0.496135
0.465     0.506034
0.47     0.515982
0.475     0.525978
0.48     0.53602
0.485     0.546105
0.49     0.556232
0.495     0.566398
0.5     0.5766
0.505     0.586837
0.51     0.597105
0.515     0.607402
0.52     0.617726
0.525     0.628075
0.53     0.638446
0.535     0.648837
0.54     0.659247
0.545     0.669671
0.55     0.68011
0.555     0.690559
0.56     0.701017
0.565     0.711482
0.57     0.721951
0.575     0.732422
0.58     0.742894
0.585     0.753362
0.59     0.763827
0.595     0.774284
0.6     0.784733
0.605     0.795171
0.61     0.805595
0.615     0.816005
0.62     0.826397
0.625     0.83677
0.63     0.847121
0.635     0.85745
0.64     0.867753
0.645     0.87803
0.65     0.888277
0.655     0.898494
0.66     0.908678
0.665     0.918828
0.67     0.928942
0.675     0.939018
0.68     0.949055
0.685     0.959051
0.69     0.969005
0.695     0.978914
0.7     0.988779
0.705     0.998596
0.71     1.00837
0.715     1.01809
0.72     1.02776
0.725     1.03737
0.73     1.04694
0.735     1.05645
0.74     1.0659
0.745     1.0753
0.75     1.08464
0.755     1.09392
0.76     1.10314
0.765     1.11231
0.77     1.12141
0.775     1.13045
0.78     1.13943
0.785     1.14834
0.79     1.15719
0.795     1.16598
0.8     1.1747
0.805     1.18336
0.81     1.19195
0.815     1.20048
0.82     1.20894
0.825     1.21733
0.83     1.22566
0.835     1.23392
0.84     1.24211
0.845     1.25023
0.85     1.25829
0.855     1.26628
0.86     1.2742
0.865     1.28206
0.87     1.28985
0.875     1.29757
0.88     1.30522
0.885     1.31281
0.89     1.32033
0.895     1.32778
0.9     1.33517
0.905     1.34249
0.91     1.34975
0.915     1.35694
0.92     1.36406
0.925     1.37112
0.93     1.37812
0.935     1.38505
0.94     1.39192
0.945     1.39873
0.95     1.40548
0.955     1.41216
0.96     1.41878
0.965     1.42534
0.97     1.43184
0.975     1.43828
0.98     1.44467
0.985     1.45099
0.99     1.45726
0.995     1.46347
1     1.46962
1.005     1.47571
1.01     1.48176
1.015     1.48774
1.02     1.49368
1.025     1.49956
1.03     1.50538
1.035     1.51116
1.04     1.51688
1.045     1.52256
1.05     1.52818
1.055     1.53376
1.06     1.53928
1.065     1.54476
1.07     1.55019
1.075     1.55558
1.08     1.56092
1.085     1.56621
1.09     1.57146
1.095     1.57667
1.1     1.58183
1.105     1.58695
1.11     1.59203
1.115     1.59707
1.12     1.60207
1.125     1.60702
1.13     1.61194
1.135     1.61683
1.14     1.62167
1.145     1.62648
1.15     1.63125
1.155     1.63598
1.16     1.64068
1.165     1.64534
1.17     1.64997
1.175     1.65457
1.18     1.65913
1.185     1.66367
1.19     1.66817
1.195     1.67264
1.2     1.67707
1.205     1.68148
1.21     1.68586
1.215     1.69021
1.22     1.69454
1.225     1.69883
1.23     1.7031
1.235     1.70734
1.24     1.71155
1.245     1.71574
1.25     1.7199
1.255     1.72404
1.26     1.72816
1.265     1.73225
1.27     1.73631
1.275     1.74036
1.28     1.74438
1.285     1.74838
1.29     1.75236
1.295     1.75631
1.3     1.76025
1.305     1.76416
1.31     1.76806
1.315     1.77193
1.32     1.77579
1.325     1.77963
1.33     1.78345
1.335     1.78725
1.34     1.79103
1.345     1.7948
1.35     1.79855
1.355     1.80228
1.36     1.80599
1.365     1.80969
1.37     1.81338
1.375     1.81705
1.38     1.8207
1.385     1.82434
1.39     1.82797
1.395     1.83158
1.4     1.83517
1.405     1.83876
1.41     1.84233
1.415     1.84589
1.42     1.84943
1.425     1.85296
1.43     1.85648
1.435     1.85999
1.44     1.86349
1.445     1.86697
1.45     1.87045
1.455     1.87391
1.46     1.87736
1.465     1.8808
1.47     1.88424
1.475     1.88766
1.48     1.89107
1.485     1.89447
1.49     1.89786
1.495     1.90125
1.5     1.90462
1.505     1.90799
1.51     1.91135
1.515     1.9147
1.52     1.91804
1.525     1.92137
1.53     1.9247
1.535     1.92802
1.54     1.93133
1.545     1.93463
1.55     1.93793
1.555     1.94122
1.56     1.9445
1.565     1.94778
1.57     1.95105
1.575     1.95431
1.58     1.95757
1.585     1.96082
1.59     1.96407
1.595     1.96731
1.6     1.97054
1.605     1.97377
1.61     1.977
1.615     1.98022
1.62     1.98343
1.625     1.98664
1.63     1.98985
1.635     1.99305
1.64     1.99624
1.645     1.99944
1.65     2.00262
1.655     2.00581
1.66     2.00899
1.665     2.01216
1.67     2.01534
1.675     2.01851
1.68     2.02167
1.685     2.02484
1.69     2.028
1.695     2.03115
1.7     2.0343
1.705     2.03746
1.71     2.0406
1.715     2.04375
1.72     2.04689
1.725     2.05003
1.73     2.05317
1.735     2.0563
1.74     2.05944
1.745     2.06257
1.75     2.0657
1.755     2.06882
1.76     2.07195
1.765     2.07507
1.77     2.07819
1.775     2.08131
1.78     2.08443
1.785     2.08755
1.79     2.09066
1.795     2.09378
1.8     2.09689
1.805     2.1
1.81     2.10311
1.815     2.10622
1.82     2.10933
1.825     2.11244
1.83     2.11555
1.835     2.11866
1.84     2.12176
1.845     2.12487
1.85     2.12797
1.855     2.13108
1.86     2.13418
1.865     2.13729
1.87     2.14039
1.875     2.14349
1.88     2.1466
1.885     2.1497
1.89     2.1528
1.895     2.15591
1.9     2.15901
1.905     2.16211
1.91     2.16522
1.915     2.16832
1.92     2.17142
1.925     2.17453
1.93     2.17763
1.935     2.18074
1.94     2.18384
1.945     2.18695
1.95     2.19006
1.955     2.19316
1.96     2.19627
1.965     2.19938
1.97     2.20249
1.975     2.2056
1.98     2.20871
1.985     2.21182
1.99     2.21493
1.995     2.21805
2     2.22116
2.005     2.22428
2.01     2.22739
2.015     2.23051
2.02     2.23363
2.025     2.23675
2.03     2.23987
