0     0
0.006     0.000497167
0.012     0.00196795
0.018     -0.00106256
0.024     0.00833594
0.03     0.00127813
0.036     0.00313806
0.042     0.00908115
0.048     0.0145736
0.054     0.0213762
0.06     0.00704078
0.066     0.00418485
0.072     0.00431833
0.078     0.00837227
0.084     0.00209542
0.09     -0.00246939
0.096     0.000544585
0.102     0.00979985
0.108     0.0159159
0.114     0.0246141
0.12     0.0287593
0.126     0.0334478
0.132     0.0379629
0.138     0.0419596
0.144     0.0459339
0.15     0.0499408
0.156     0.0572793
0.162     0.059587
0.168     0.0581511
0.174     0.0598334
0.18     0.0627783
0.186     0.0712889
0.192     0.081881
0.198     0.0901988
0.204     0.0975482
0.21     0.104954
0.216     0.11327
0.222     0.120684
0.228     0.12644
0.234     0.131472
0.24     0.135985
0.246     0.142644
0.252     0.150242
0.258     0.158141
0.264     0.166244
0.27     0.174342
0.276     0.182489
0.282     0.190805
0.288     0.199648
0.294     0.209359
0.3     0.219808
0.306     0.230385
0.312     0.240441
0.318     0.249781
0.324     0.258696
0.33     0.267594
0.336     0.276692
0.342     0.286051
0.348     0.295734
0.354     0.305836
0.36     0.316395
0.366     0.327343
0.372     0.338544
0.378     0.349874
0.384     0.361254
0.39     0.37265
0.396     0.384048
0.402     0.395445
0.408     0.40685
0.414     0.418277
0.42     0.429753
0.426     0.44131
0.432     0.452983
0.438     0.464798
0.444     0.476764
0.45     0.488873
0.456     0.501104
0.462     0.513428
0.468     0.525819
0.474     0.538258
0.48     0.55073
0.486     0.563228
0.492     0.575749
0.498     0.588293
0.504     0.600862
0.51     0.613458
0.516     0.62608
0.522     0.638727
0.528     0.651395
0.534     0.664079
0.54     0.676774
0.546     0.689472
0.552     0.702168
0.558     0.714856
0.564     0.727528
0.57     0.740181
0.576     0.752809
0.582     0.765406
0.588     0.777968
0.594     0.790491
0.6     0.802969
0.606     0.8154
0.612     0.827777
0.618     0.840098
0.624     0.852357
0.63     0.864551
0.636     0.876675
0.642     0.888725
0.648     0.900698
0.654     0.912588
0.66     0.924393
0.666     0.936108
0.672     0.947731
0.678     0.959257
0.684     0.970683
0.69     0.982006
0.696     0.993224
0.702     1.00433
0.708     1.01533
0.714     1.02621
0.72     1.03697
0.726     1.04762
0.732     1.05814
0.738     1.06854
0.744     1.07882
0.75     1.08896
0.756     1.09898
0.762     1.10887
0.768     1.11862
0.774     1.12824
0.78     1.13773
0.786     1.14708
0.792     1.15629
0.798     1.16537
0.804     1.17431
0.81     1.18311
0.816     1.19178
0.822     1.2003
0.828     1.20869
0.834     1.21693
0.84     1.22504
0.846     1.23301
0.852     1.24084
0.858     1.24854
0.864     1.2561
0.87     1.26352
0.876     1.27081
0.882     1.27796
0.888     1.28498
0.894     1.29187
0.9     1.29863
0.906     1.30526
0.912     1.31176
0.918     1.31813
0.924     1.32438
0.93     1.3305
0.936     1.3365
0.942     1.34238
0.948     1.34814
0.954     1.35378
0.96     1.35931
0.966     1.36472
0.972     1.37002
0.978     1.37521
0.984     1.38029
0.99     1.38527
0.996     1.39014
1.002     1.39491
1.008     1.39957
1.014     1.40414
1.02     1.40861
1.026     1.41299
1.032     1.41728
1.038     1.42147
1.044     1.42557
1.05     1.42959
1.056     1.43352
1.062     1.43737
1.068     1.44114
1.074     1.44483
1.08     1.44844
1.086     1.45198
1.092     1.45544
1.098     1.45883
1.104     1.46215
1.11     1.46541
1.116     1.46859
1.122     1.47172
1.128     1.47478
1.134     1.47778
1.14     1.48072
1.146     1.4836
1.152     1.48643
1.158     1.4892
1.164     1.49192
1.17     1.49459
1.176     1.49721
1.182     1.49978
1.188     1.50231
1.194     1.50479
1.2     1.50722
1.206     1.50962
1.212     1.51197
1.218     1.51428
1.224     1.51656
1.23     1.5188
1.236     1.521
1.242     1.52317
1.248     1.5253
1.254     1.5274
1.26     1.52947
1.266     1.53151
1.272     1.53352
1.278     1.53551
1.284     1.53746
1.29     1.53939
1.296     1.5413
1.302     1.54318
1.308     1.54504
1.314     1.54688
1.32     1.54869
1.326     1.55049
1.332     1.55226
1.338     1.55402
1.344     1.55576
1.35     1.55748
1.356     1.55919
1.362     1.56088
1.368     1.56255
1.374     1.56421
1.38     1.56586
1.386     1.56749
1.392     1.56911
1.398     1.57072
1.404     1.57232
1.41     1.5739
1.416     1.57548
1.422     1.57705
1.428     1.5786
1.434     1.58015
1.44     1.58169
1.446     1.58323
1.452     1.58475
1.458     1.58627
1.464     1.58779
1.47     1.5893
1.476     1.5908
1.482     1.5923
1.488     1.59379
1.494     1.59528
1.5     1.59676
1.506     1.59824
1.512     1.59972
1.518     1.60119
1.524     1.60267
1.53     1.60414
1.536     1.6056
1.542     1.60707
1.548     1.60854
1.554     1.61
1.56     1.61146
1.566     1.61293
1.572     1.61439
1.578     1.61585
1.584     1.61731
1.59     1.61877
1.596     1.62024
1.602     1.6217
1.608     1.62316
1.614     1.62463
1.62     1.6261
1.626     1.62757
1.632     1.62904
1.638     1.63051
1.644     1.63198
1.65     1.63346
1.656     1.63494
1.662     1.63642
1.668     1.6379
1.674     1.63939
1.68     1.64088
1.686     1.64237
1.692     1.64387
1.698     1.64537
1.704     1.64687
1.71     1.64838
1.716     1.64989
1.722     1.6514
1.728     1.65292
1.734     1.65444
1.74     1.65596
1.746     1.65749
1.752     1.65902
1.758     1.66056
1.764     1.6621
1.77     1.66365
1.776     1.6652
1.782     1.66676
1.788     1.66832
1.794     1.66988
