0     0
0.005     0.000170819
0.01     -0.00541426
0.015     -0.00436849
0.02     -0.0104418
0.025     -0.00124224
0.03     -0.00231243
0.035     -0.0003062
0.04     0.00605153
0.045     0.00771939
0.05     0.00927801
0.055     0.00960675
0.06     0.00418186
0.065     0.00209113
0.07     0.00284734
0.075     0.000964232
0.08     -0.00303716
0.085     -0.0039601
0.09     -0.00681169
0.095     -0.00438327
0.1     0.00419274
0.105     0.00928422
0.11     0.0182604
0.115     0.0215862
0.12     0.0247976
0.125     0.028763
0.13     0.032172
0.135     0.035578
0.14     0.0390816
0.145     0.0425211
0.15     0.045173
0.155     0.0513544
0.16     0.0539421
0.165     0.0529709
0.17     0.0541129
0.175     0.0554661
0.18     0.0587464
0.185     0.0657547
0.19     0.0744901
0.195     0.0820624
0.2     0.0882627
0.205     0.0943439
0.21     0.100456
0.215     0.107248
0.22     0.113682
0.225     0.118621
0.23     0.12319
0.235     0.127033
0.24     0.131055
0.245     0.136485
0.25     0.142613
0.255     0.148956
0.26     0.155494
0.265     0.162101
0.27     0.168723
0.275     0.175391
0.28     0.18217
0.285     0.189244
0.29     0.19684
0.295     0.205036
0.3     0.213649
0.305     0.222307
0.31     0.230648
0.315     0.238513
0.32     0.245988
0.325     0.253294
0.33     0.260631
0.335     0.268105
0.34     0.275756
0.345     0.283619
0.35     0.291742
0.355     0.300165
0.36     0.308889
0.365     0.317869
0.37     0.32703
0.375     0.336303
0.38     0.345635
0.385     0.354994
0.39     0.364365
0.395     0.373739
0.4     0.383116
0.405     0.392499
0.41     0.401896
0.415     0.411317
0.42     0.420779
0.425     0.430298
0.43     0.439894
0.435     0.44958
0.44     0.459366
0.445     0.469252
0.45     0.479231
0.455     0.48929
0.46     0.499416
0.465     0.509594
0.47     0.519812
0.475     0.53006
0.48     0.540331
0.485     0.550621
0.49     0.560928
0.495     0.571251
0.5     0.581592
0.505     0.59195
0.51     0.602327
0.515     0.61272
0.52     0.623131
0.525     0.633555
0.53     0.643993
0.535     0.654439
0.54     0.664891
0.545     0.675346
0.55     0.685799
0.555     0.696247
0.56     0.706687
0.565     0.717116
0.57     0.72753
0.575     0.737926
0.58     0.748302
0.585     0.758655
0.59     0.768982
0.595     0.77928
0.6     0.789548
0.605     0.799782
0.61     0.80998
0.615     0.820139
0.62     0.830258
0.625     0.840333
0.63     0.850362
0.635     0.860343
0.64     0.870274
0.645     0.880152
0.65     0.889975
0.655     0.899741
0.66     0.909448
0.665     0.919093
0.67     0.928674
0.675     0.938191
0.68     0.947639
0.685     0.957019
0.69     0.966327
0.695     0.975563
0.7     0.984724
0.705     0.993809
0.71     1.00282
0.715     1.01175
0.72     1.02059
0.725     1.02936
0.73     1.03804
0.735     1.04664
0.74     1.05516
0.745     1.06358
0.75     1.07192
0.755     1.08017
0.76     1.08834
0.765     1.09641
0.77     1.10439
0.775     1.11228
0.78     1.12008
0.785     1.12778
0.79     1.13539
0.795     1.14291
0.8     1.15034
0.805     1.15767
0.81     1.16491
0.815     1.17205
0.82     1.17909
0.825     1.18605
0.83     1.19291
0.835     1.19967
0.84     1.20634
0.845     1.21291
0.85     1.2194
0.855     1.22578
0.86     1.23208
0.865     1.23828
0.87     1.24439
0.875     1.2504
0.88     1.25633
0.885     1.26216
0.89     1.2679
0.895     1.27356
0.9     1.27912
0.905     1.2846
0.91     1.28999
0.915     1.29529
0.92     1.3005
0.925     1.30563
0.93     1.31068
0.935     1.31564
0.94     1.32052
0.945     1.32531
0.95     1.33003
0.955     1.33467
0.96     1.33922
0.965     1.3437
0.97     1.34811
0.975     1.35243
0.98     1.35669
0.985     1.36087
0.99     1.36497
0.995     1.36901
1     1.37297
1.005     1.37687
1.01     1.38069
1.015     1.38445
1.02     1.38815
1.025     1.39178
1.03     1.39534
1.035     1.39884
1.04     1.40228
1.045     1.40567
1.05     1.40899
1.055     1.41225
1.06     1.41546
1.065     1.4186
1.07     1.4217
1.075     1.42474
1.08     1.42773
1.085     1.43067
1.09     1.43355
1.095     1.43639
1.1     1.43917
1.105     1.44192
1.11     1.44461
1.115     1.44726
1.12     1.44986
1.125     1.45242
1.13     1.45494
1.135     1.45741
1.14     1.45985
1.145     1.46225
1.15     1.4646
1.155     1.46692
1.16     1.46921
1.165     1.47145
1.17     1.47366
1.175     1.47584
1.18     1.47799
1.185     1.4801
1.19     1.48218
1.195     1.48423
1.2     1.48624
1.205     1.48823
1.21     1.4902
1.215     1.49213
1.22     1.49403
1.225     1.49591
1.23     1.49777
1.235     1.4996
1.24     1.5014
1.245     1.50319
1.25     1.50495
1.255     1.50668
1.26     1.5084
1.265     1.51009
1.27     1.51177
1.275     1.51342
1.28     1.51506
1.285     1.51668
1.29     1.51828
1.295     1.51986
1.3     1.52142
1.305     1.52297
1.31     1.5245
1.315     1.52602
1.32     1.52753
1.325     1.52901
1.33     1.53049
1.335     1.53195
1.34     1.5334
1.345     1.53484
1.35     1.53626
1.355     1.53767
1.36     1.53908
1.365     1.54047
1.37     1.54185
1.375     1.54322
1.38     1.54458
1.385     1.54593
1.39     1.54728
1.395     1.54861
1.4     1.54994
1.405     1.55126
1.41     1.55257
1.415     1.55387
1.42     1.55517
1.425     1.55646
1.43     1.55774
1.435     1.55902
1.44     1.5603
1.445     1.56156
1.45     1.56283
1.455     1.56408
1.46     1.56534
1.465     1.56658
1.47     1.56783
1.475     1.56907
1.48     1.57031
1.485     1.57154
1.49     1.57277
1.495     1.574
1.5     1.57522
1.505     1.57644
1.51     1.57766
1.515     1.57888
1.52     1.5801
1.525     1.58131
1.53     1.58252
1.535     1.58373
1.54     1.58494
1.545     1.58615
1.55     1.58736
1.555     1.58856
1.56     1.58977
1.565     1.59098
1.57     1.59218
1.575     1.59339
1.58     1.59459
1.585     1.5958
1.59     1.597
1.595     1.59821
1.6     1.59941
1.605     1.60062
1.61     1.60183
1.615     1.60303
1.62     1.60424
1.625     1.60545
1.63     1.60666
1.635     1.60787
1.64     1.60909
1.645     1.6103
1.65     1.61152
1.655     1.61274
1.66     1.61396
1.665     1.61518
1.67     1.6164
1.675     1.61763
1.68     1.61885
1.685     1.62008
1.69     1.62131
1.695     1.62255
1.7     1.62378
1.705     1.62502
1.71     1.62626
1.715     1.6275
1.72     1.62875
1.725     1.63
1.73     1.63125
1.735     1.6325
1.74     1.63376
1.745     1.63502
1.75     1.63628
1.755     1.63755
1.76     1.63881
1.765     1.64008
1.77     1.64136
1.775     1.64264
1.78     1.64392
1.785     1.6452
1.79     1.64649
1.795     1.64778
1.8     1.64907
1.805     1.65037
1.81     1.65167
1.815     1.65297
1.82     1.65428
1.825     1.65559
1.83     1.6569
1.835     1.65822
1.84     1.65954
1.845     1.66087
1.85     1.6622
1.855     1.66353
1.86     1.66486
1.865     1.6662
1.87     1.66755
1.875     1.66889
1.88     1.67024
1.885     1.6716
1.89     1.67296
1.895     1.67432
1.9     1.67568
