0     0
0.006     0.00132308
0.012     0.00141956
0.018     -0.00220431
0.024     -0.00764271
0.03     -0.00256927
0.036     -0.000444254
0.042     -0.000887144
0.048     0.00424534
0.054     0.00510888
0.06     0.00635483
0.066     0.00873275
0.072     0.0107331
0.078     0.0126726
0.084     0.0151277
0.09     0.018481
0.096     0.018584
0.102     0.0223103
0.108     0.0251644
0.114     0.0286661
0.12     0.0327349
0.126     0.0362512
0.132     0.0402267
0.138     0.0441096
0.144     0.0495846
0.15     0.0533899
0.156     0.0578491
0.162     0.0632776
0.168     0.0677845
0.174     0.0737162
0.18     0.078982
0.186     0.0843115
0.192     0.0903854
0.198     0.0965567
0.204     0.102655
0.21     0.108943
0.216     0.115868
0.222     0.122404
0.228     0.129446
0.234     0.136814
0.24     0.144001
0.246     0.151602
0.252     0.159429
0.258     0.167302
0.264     0.17542
0.27     0.183753
0.276     0.192222
0.282     0.20087
0.288     0.209712
0.294     0.218722
0.3     0.227895
0.306     0.237239
0.312     0.246754
0.318     0.25643
0.324     0.266264
0.33     0.276258
0.336     0.286409
0.342     0.296713
0.348     0.307167
0.354     0.317769
0.36     0.328515
0.366     0.339403
0.372     0.350429
0.378     0.361589
0.384     0.372882
0.39     0.384302
0.396     0.395846
0.402     0.40751
0.408     0.41929
0.414     0.431181
0.42     0.443181
0.426     0.455284
0.432     0.467486
0.438     0.479781
0.444     0.492166
