0     0
0.006     0.00163387
0.012     -0.0102942
0.018     -0.007182
0.024     -0.00688012
0.03     -0.00505451
0.036     -0.00750646
0.042     -0.00349651
0.048     -0.000564295
0.054     -0.00140974
0.06     -0.000170187
0.066     -0.00452606
0.072     -0.000587382
0.078     0.00151995
0.084     0.00429114
0.09     0.00717166
0.096     0.00846042
0.102     0.0082807
0.108     0.0127772
0.114     0.0174588
0.12     0.0232922
0.126     0.0228757
0.132     0.028479
0.138     0.0338639
0.144     0.0404507
0.15     0.044624
0.156     0.0492623
0.162     0.0549375
0.168     0.0601919
0.174     0.0657967
0.18     0.0724841
0.186     0.0777206
0.192     0.083135
0.198     0.0887749
0.204     0.0965574
0.21     0.103836
0.216     0.109912
0.222     0.116323
0.228     0.123538
0.234     0.131568
0.24     0.139266
0.246     0.146891
0.252     0.154603
0.258     0.162499
0.264     0.170875
0.27     0.179603
0.276     0.188306
0.282     0.196892
0.288     0.205651
0.294     0.214846
0.3     0.224276
0.306     0.233755
0.312     0.243276
0.318     0.252965
0.324     0.262884
0.33     0.272987
0.336     0.283219
0.342     0.293567
0.348     0.304048
0.354     0.31468
0.36     0.325463
0.366     0.336383
0.372     0.34743
0.378     0.358599
0.384     0.369891
0.39     0.381304
0.396     0.392836
0.402     0.404482
0.408     0.416237
0.414     0.428096
0.42     0.440056
0.426     0.452112
0.432     0.46426
0.438     0.476496
0.444     0.488816
0.45     0.501214
0.456     0.513688
0.462     0.52623
0.468     0.538837
0.474     0.551505
0.48     0.564227
0.486     0.576999
0.492     0.589817
0.498     0.602675
0.504     0.615568
0.51     0.628491
0.516     0.64144
0.522     0.654408
0.528     0.667391
0.534     0.680384
0.54     0.693382
0.546     0.706379
0.552     0.719371
0.558     0.732352
0.564     0.745317
0.57     0.758261
0.576     0.77118
0.582     0.784068
0.588     0.796921
0.594     0.809734
0.6     0.822502
0.606     0.83522
0.612     0.847883
0.618     0.860488
